
Array Size = 77
    30    70    30    36    49    94    46    69    83     3
    63    42    44    84    27    28    39    31    80    63
    43    88    57    63    27    65    62    71    99    53
    35    68    57    44    34    57    98    56     7    99
    42    76    71    81    71    74    38    17    76    14
    73    93    69    31    20     8    74    88    97    11
     1    51     8    26    88    10     2    65     3    92
    92    74    93    21    99    51    98

Array Size = 12
  1004  1014  1034  1041  1044  1045  1059  1068  1082  1092
  1095  1096

Array Size = 93
  2078  2016  2077  2034  2018  2027  2051  2068  2050  2037
  2083  2076  2051  2066  2049  2066  2056  2019  2050  2034
  2010  2095  2042  2064  2067  2096  2065  2061  2026  2095
  2035  2021  2094  2039  2083  2052  2054  2011  2037  2034
  2084  2030  2047  2004  2081  2052  2098  2073  2000  2031
  2009  2020  2019  2097  2030  2016  2093  2039  2019  2048
  2050  2045  2082  2049  2020  2030  2053  2052  2065  2080
  2096  2091  2011  2018  2000  2052  2070  2084  2054  2003
  2089  2000  2045  2090  2047  2009  2049  2080  2090  2046
  2009  2028  2018

Array Size = 49
  3001  3004  3005  3006  3008  3010  3012  3012  3014  3014
  3014  3019  3021  3024  3026  3028  3029  3032  3035  3038
  3039  3039  3041  3043  3044  3048  3049  3049  3049  3050
  3052  3054  3056  3057  3064  3066  3069  3071  3071  3073
  3079  3079  3082  3084  3086  3088  3090  3094  3097

Array Size = 11
  4028  4099  4066  4038  4017  4048  4055  4059  4087  4017
  4029

Array Size = 33
  5003  5008  5010  5010  5010  5013  5016  5018  5019  5024
  5025  5027  5028  5029  5030  5031  5032  5032  5034  5035
  5037  5040  5052  5057  5058  5059  5062  5065  5068  5084
  5086  5091  5095

Array Size = 54
  6047  6012  6031  6026  6000  6091  6047  6076  6097  6089
  6003  6044  6023  6093  6059  6054  6001  6035  6060  6004
  6062  6054  6012  6075  6018  6099  6006  6045  6066  6016
  6068  6048  6065  6007  6040  6070  6083  6028  6048  6005
  6046  6037  6047  6019  6080  6033  6073  6037  6065  6082
  6008  6019  6022  6020

Array Size = 97
  7000  7000  7001  7002  7002  7003  7003  7004  7004  7006
  7008  7009  7009  7010  7010  7011  7011  7012  7017  7017
  7022  7022  7024  7025  7026  7029  7029  7030  7030  7031
  7033  7034  7034  7035  7042  7043  7044  7045  7048  7049
  7049  7051  7053  7054  7054  7055  7057  7058  7058  7060
  7060  7061  7062  7062  7063  7064  7064  7067  7067  7067
  7071  7072  7074  7074  7075  7076  7077  7077  7077  7077
  7078  7079  7079  7079  7079  7079  7080  7082  7082  7083
  7083  7087  7087  7088  7089  7092  7092  7092  7093  7093
  7096  7096  7096  7096  7096  7098  7099

Array Size = 75
  8046  8016  8061  8050  8049  8076  8080  8080  8023  8029
  8014  8049  8099  8099  8051  8062  8048  8093  8010  8003
  8012  8065  8098  8022  8035  8070  8004  8044  8014  8062
  8043  8006  8076  8035  8057  8074  8028  8093  8063  8005
  8037  8069  8056  8053  8011  8001  8066  8041  8095  8002
  8096  8001  8078  8004  8029  8094  8090  8069  8090  8000
  8080  8081  8025  8041  8063  8036  8009  8060  8091  8061
  8023  8045  8077  8093  8009

Array Size = 76
  9000  9000  9003  9003  9006  9006  9007  9013  9017  9018
  9019  9022  9024  9025  9030  9031  9032  9033  9035  9036
  9036  9039  9040  9045  9046  9047  9048  9048  9050  9050
  9051  9053  9054  9055  9057  9058  9058  9060  9062  9063
  9064  9065  9065  9065  9070  9070  9071  9071  9072  9072
  9072  9074  9075  9077  9079  9079  9080  9080  9082  9083
  9084  9086  9086  9087  9087  9087  9088  9091  9091  9092
  9093  9094  9094  9095  9097  9098

Array Size = 44
 10018 10089 10005 10021 10052 10040 10098 10060 10025 10000
 10010 10010 10079 10054 10002 10008 10044 10059 10078 10079
 10090 10034 10021 10099 10087 10088 10006 10011 10035 10000
 10079 10046 10048 10011 10045 10098 10060 10076 10008 10089
 10031 10013 10061 10086

Array Size = 11
 11012 11024 11024 11034 11048 11062 11066 11070 11075 11086
 11089

Array Size = 56
 12021 12079 12038 12064 12062 12067 12059 12015 12037 12031
 12017 12099 12094 12049 12041 12053 12064 12012 12046 12057
 12092 12047 12056 12081 12094 12081 12080 12055 12000 12011
 12046 12085 12004 12017 12059 12023 12080 12040 12056 12003
 12061 12069 12070 12050 12098 12020 12051 12043 12000 12061
 12076 12075 12024 12014 12071 12076

Array Size = 63
 13000 13001 13004 13006 13009 13012 13014 13020 13021 13022
 13028 13028 13028 13031 13033 13033 13034 13036 13037 13038
 13039 13040 13041 13043 13044 13050 13050 13051 13052 13052
 13057 13062 13062 13064 13066 13067 13069 13069 13070 13070
 13073 13073 13075 13077 13077 13078 13079 13081 13081 13083
 13084 13086 13087 13087 13089 13089 13089 13091 13092 13096
 13097 13098 13098

Array Size = 85
 14081 14087 14069 14088 14078 14014 14026 14035 14097 14002
 14022 14035 14004 14025 14047 14046 14091 14067 14023 14085
 14083 14022 14089 14011 14049 14061 14084 14075 14083 14045
 14027 14065 14006 14051 14041 14071 14067 14081 14082 14043
 14021 14070 14024 14035 14063 14035 14014 14065 14041 14064
 14094 14093 14022 14010 14048 14020 14033 14000 14018 14066
 14022 14016 14000 14011 14082 14022 14012 14049 14047 14028
 14031 14007 14080 14029 14064 14061 14020 14009 14028 14074
 14060 14029 14091 14084 14017

Array Size = 86
 15000 15002 15002 15004 15006 15006 15007 15008 15009 15010
 15011 15011 15011 15012 15013 15014 15015 15017 15017 15017
 15018 15018 15020 15020 15022 15023 15025 15026 15029 15030
 15031 15032 15035 15035 15037 15038 15039 15040 15041 15041
 15042 15045 15047 15049 15049 15050 15055 15055 15056 15057
 15057 15057 15059 15059 15060 15060 15060 15060 15061 15061
 15063 15065 15069 15069 15073 15074 15074 15075 15076 15076
 15078 15079 15081 15084 15084 15085 15085 15088 15090 15092
 15093 15094 15095 15095 15096 15097

Array Size = 75
 16091 16025 16043 16060 16054 16089 16006 16046 16057 16050
 16040 16042 16031 16015 16059 16078 16025 16028 16077 16034
 16048 16096 16040 16089 16017 16016 16036 16086 16020 16074
 16040 16008 16002 16084 16077 16027 16027 16068 16023 16018
 16091 16091 16062 16007 16033 16096 16011 16095 16020 16057
 16043 16036 16032 16058 16003 16005 16024 16052 16093 16017
 16077 16000 16098 16005 16027 16002 16030 16045 16089 16062
 16051 16006 16099 16026 16006

Array Size = 75
 17000 17000 17005 17005 17006 17006 17006 17006 17009 17010
 17011 17011 17013 17013 17014 17016 17017 17018 17019 17020
 17020 17020 17021 17022 17022 17022 17022 17024 17025 17026
 17026 17026 17027 17027 17033 17034 17035 17036 17037 17038
 17039 17039 17040 17043 17045 17046 17046 17047 17048 17050
 17054 17054 17055 17062 17065 17067 17068 17072 17073 17076
 17077 17079 17081 17083 17083 17086 17088 17088 17089 17092
 17092 17095 17096 17097 17099

Array Size = 96
 18086 18059 18003 18064 18000 18057 18017 18014 18020 18088
 18060 18044 18061 18068 18049 18061 18024 18054 18011 18086
 18053 18090 18033 18021 18074 18040 18092 18003 18068 18053
 18046 18070 18041 18086 18050 18086 18012 18096 18090 18024
 18035 18000 18034 18084 18057 18000 18072 18087 18000 18021
 18009 18001 18045 18097 18032 18053 18049 18060 18034 18071
 18060 18051 18007 18052 18030 18074 18086 18089 18027 18094
 18027 18042 18029 18008 18021 18037 18067 18038 18089 18046
 18064 18054 18086 18018 18000 18093 18047 18094 18063 18083
 18059 18051 18085 18028 18093 18039

Array Size = 77
 19000 19001 19001 19001 19003 19003 19006 19008 19008 19014
 19016 19017 19023 19023 19025 19027 19028 19030 19030 19030
 19030 19033 19035 19035 19036 19037 19038 19040 19040 19041
 19042 19047 19049 19050 19052 19053 19053 19057 19060 19060
 19062 19063 19064 19065 19065 19066 19070 19071 19073 19076
 19077 19078 19078 19081 19083 19084 19085 19086 19086 19087
 19087 19088 19088 19089 19089 19091 19092 19092 19092 19093
 19093 19093 19094 19095 19096 19099 19099

Array Size = 50
 20034 20065 20007 20088 20021 20044 20062 20074 20050 20022
 20089 20001 20044 20096 20058 20045 20036 20089 20063 20008
 20008 20044 20037 20017 20085 20002 20000 20019 20022 20095
 20031 20081 20063 20008 20086 20072 20092 20093 20025 20034
 20089 20020 20040 20090 20065 20035 20056 20023 20007 20013


Array Size = 57
 21001 21002 21007 21007 21007 21008 21008 21012 21014 21015
 21020 21023 21023 21023 21024 21025 21028 21028 21031 21031
 21036 21038 21038 21039 21046 21052 21053 21054 21054 21055
 21057 21058 21058 21058 21062 21062 21064 21066 21068 21075
 21077 21078 21078 21082 21083 21083 21083 21084 21084 21084
 21085 21086 21090 21097 21098 21098 21098

Array Size = 51
 22096 22077 22046 22027 22069 22051 22058 22038 22048 22014
 22059 22056 22094 22094 22083 22088 22058 22010 22012 22019
 22041 22023 22010 22005 22059 22082 22087 22080 22017 22078
 22011 22071 22099 22025 22027 22040 22030 22007 22060 22065
 22079 22021 22004 22056 22068 22001 22041 22072 22035 22016
 22046

Array Size = 54
 23001 23003 23004 23004 23006 23009 23015 23017 23018 23019
 23021 23021 23023 23024 23025 23026 23026 23027 23029 23031
 23031 23032 23032 23035 23038 23038 23040 23047 23051 23059
 23060 23065 23067 23070 23070 23072 23075 23076 23080 23081
 23082 23083 23084 23086 23086 23088 23089 23090 23092 23093
 23096 23097 23097 23097

Array Size = 95
 24010 24082 24058 24084 24089 24012 24078 24012 24028 24011
 24005 24054 24015 24032 24052 24097 24064 24071 24097 24075
 24049 24052 24072 24046 24050 24075 24069 24079 24040 24041
 24092 24011 24066 24020 24066 24011 24006 24032 24092 24060
 24084 24034 24088 24049 24044 24089 24059 24089 24037 24004
 24098 24002 24027 24030 24003 24092 24080 24098 24036 24035
 24025 24060 24017 24054 24057 24057 24020 24011 24044 24090
 24067 24021 24026 24049 24030 24021 24067 24047 24046 24078
 24005 24069 24019 24030 24073 24086 24011 24023 24020 24035
 24086 24012 24020 24072 24091

Array Size = 25
 25001 25008 25014 25023 25023 25029 25030 25032 25034 25038
 25043 25043 25058 25059 25066 25066 25066 25072 25073 25079
 25081 25093 25094 25095 25099

Array Size = 16
 26049 26071 26026 26097 26013 26018 26045 26042 26098 26051
 26093 26078 26074 26046 26093 26064

Array Size = 79
 27000 27003 27003 27004 27004 27004 27006 27008 27009 27010
 27012 27013 27013 27014 27016 27016 27017 27017 27019 27020
 27022 27025 27026 27026 27028 27032 27036 27039 27041 27041
 27043 27043 27046 27046 27048 27048 27050 27051 27055 27055
 27055 27056 27057 27057 27060 27060 27060 27061 27061 27064
 27066 27067 27067 27071 27072 27073 27074 27074 27075 27075
 27075 27078 27078 27079 27081 27083 27084 27084 27084 27084
 27086 27089 27090 27094 27094 27095 27095 27096 27098

Array Size = 17
 28057 28064 28083 28065 28089 28088 28082 28097 28037 28032
 28067 28022 28073 28032 28070 28082 28098

Array Size = 52
 29003 29006 29007 29008 29009 29009 29010 29012 29013 29013
 29014 29014 29015 29016 29017 29021 29022 29023 29025 29026
 29027 29031 29034 29035 29036 29038 29038 29041 29045 29049
 29052 29054 29055 29056 29056 29057 29059 29060 29062 29065
 29065 29066 29067 29077 29077 29078 29081 29081 29083 29084
 29093 29094

Array Size = 18
 30076 30094 30048 30095 30040 30011 30043 30069 30036 30027
 30010 30008 30050 30076 30020 30063 30097 30008

Array Size = 98
 31000 31002 31003 31004 31005 31006 31007 31008 31008 31008
 31009 31010 31010 31012 31013 31015 31017 31018 31018 31020
 31020 31020 31021 31022 31023 31024 31025 31025 31026 31027
 31027 31028 31028 31028 31029 31029 31031 31031 31037 31038
 31038 31040 31041 31041 31042 31043 31043 31047 31048 31048
 31049 31049 31050 31050 31051 31051 31054 31054 31056 31058
 31058 31059 31061 31065 31066 31066 31066 31068 31068 31071
 31072 31072 31074 31076 31077 31077 31078 31079 31079 31080
 31081 31082 31083 31083 31084 31084 31084 31086 31087 31088
 31088 31088 31088 31088 31090 31092 31096 31099

Array Size = 82
 32080 32032 32094 32081 32035 32084 32025 32075 32074 32026
 32078 32065 32041 32065 32057 32001 32031 32084 32078 32006
 32004 32018 32047 32020 32094 32052 32015 32088 32089 32008
 32058 32004 32066 32000 32065 32003 32063 32013 32029 32097
 32072 32068 32028 32028 32055 32020 32030 32038 32006 32057
 32073 32010 32053 32090 32052 32073 32056 32079 32022 32070
 32059 32075 32053 32014 32054 32060 32098 32034 32070 32070
 32022 32012 32078 32073 32041 32021 32096 32068 32019 32004
 32078 32025

Array Size = 36
 33003 33004 33006 33010 33015 33017 33021 33021 33022 33026
 33029 33032 33033 33038 33040 33041 33047 33050 33051 33053
 33054 33055 33055 33057 33059 33067 33067 33072 33072 33080
 33086 33086 33087 33095 33098 33098

Array Size = 31
 34002 34086 34003 34080 34027 34063 34009 34098 34037 34057
 34096 34063 34047 34016 34064 34065 34019 34075 34090 34082
 34080 34097 34015 34061 34024 34001 34060 34041 34065 34059
 34090

Array Size = 84
 35000 35002 35002 35003 35005 35006 35006 35009 35009 35011
 35011 35014 35015 35016 35019 35023 35023 35026 35027 35027
 35027 35028 35031 35031 35031 35032 35032 35035 35038 35041
 35041 35042 35042 35045 35045 35046 35049 35050 35051 35052
 35056 35057 35058 35060 35061 35062 35063 35065 35067 35068
 35070 35071 35072 35072 35074 35075 35077 35078 35079 35079
 35080 35081 35081 35082 35082 35083 35084 35085 35086 35087
 35089 35090 35091 35092 35092 35092 35092 35092 35094 35094
 35094 35095 35096 35098

Array Size = 17
 36046 36021 36023 36025 36027 36003 36079 36077 36033 36097
 36003 36017 36025 36068 36046 36097 36006

Array Size = 21
 37005 37009 37013 37025 37029 37036 37039 37039 37040 37043
 37044 37048 37055 37057 37058 37070 37072 37075 37080 37082
 37089

Array Size = 89
 38012 38085 38065 38030 38020 38074 38012 38074 38049 38060
 38099 38087 38099 38039 38053 38037 38081 38081 38091 38034
 38044 38020 38012 38075 38085 38055 38083 38065 38090 38023
 38009 38031 38023 38060 38012 38038 38063 38008 38072 38078
 38008 38081 38064 38019 38018 38081 38043 38032 38076 38058
 38058 38093 38042 38040 38014 38053 38009 38018 38082 38016
 38085 38018 38078 38055 38034 38035 38057 38022 38055 38058
 38011 38094 38039 38003 38057 38046 38061 38097 38026 38062
 38060 38059 38083 38081 38011 38078 38073 38026 38062

Array Size = 38
 39001 39003 39013 39014 39014 39017 39019 39020 39026 39027
 39028 39030 39031 39033 39036 39039 39040 39045 39052 39053
 39055 39055 39060 39063 39066 39066 39070 39076 39076 39082
 39087 39090 39090 39092 39093 39096 39097 39098

Array Size = 86
 40008 40027 40011 40021 40032 40095 40047 40055 40036 40085
 40027 40047 40079 40004 40058 40070 40074 40074 40027 40076
 40020 40049 40026 40049 40068 40080 40023 40097 40087 40096
 40015 40060 40088 40060 40036 40007 40079 40023 40066 40092
 40012 40055 40031 40080 40038 40012 40037 40060 40003 40021
 40037 40001 40075 40067 40050 40051 40089 40078 40016 40019
 40087 40089 40022 40092 40087 40035 40026 40081 40025 40082
 40056 40081 40074 40011 40039 40082 40024 40046 40017 40077
 40039 40013 40013 40086 40035 40015

Array Size = 27
 41000 41007 41010 41011 41016 41017 41020 41026 41035 41038
 41041 41045 41050 41050 41050 41051 41080 41080 41080 41082
 41083 41086 41088 41088 41095 41095 41096

Array Size = 60
 42078 42036 42011 42042 42078 42041 42058 42082 42088 42020
 42062 42024 42027 42077 42044 42070 42016 42091 42093 42028
 42011 42048 42086 42019 42007 42078 42074 42033 42000 42007
 42022 42014 42007 42038 42002 42011 42004 42098 42092 42070
 42001 42022 42012 42046 42096 42028 42099 42027 42040 42065
 42025 42075 42045 42023 42085 42068 42039 42007 42083 42026


Array Size = 19
 43002 43009 43009 43014 43019 43020 43021 43030 43030 43035
 43038 43042 43049 43054 43063 43066 43074 43089 43099

Array Size = 95
 44085 44071 44026 44031 44096 44059 44072 44055 44000 44010
 44048 44067 44018 44099 44092 44074 44080 44063 44083 44043
 44069 44052 44013 44012 44056 44028 44012 44013 44074 44018
 44034 44021 44051 44064 44062 44093 44094 44033 44023 44056
 44090 44074 44093 44006 44031 44098 44037 44092 44068 44037
 44062 44035 44067 44033 44065 44045 44016 44079 44087 44065
 44058 44069 44085 44041 44052 44033 44058 44096 44041 44086
 44021 44053 44050 44098 44012 44088 44055 44000 44021 44026
 44085 44084 44009 44043 44046 44019 44059 44068 44073 44067
 44036 44064 44094 44073 44024

Array Size = 20
 45005 45011 45017 45018 45019 45024 45026 45037 45047 45049
 45051 45055 45059 45068 45074 45080 45084 45090 45095 45099


Array Size = 22
 46088 46050 46047 46078 46016 46098 46002 46009 46027 46045
 46069 46055 46024 46059 46015 46048 46062 46046 46069 46053
 46002 46077

Array Size = 78
 47001 47001 47003 47008 47009 47010 47013 47013 47013 47018
 47019 47019 47021 47021 47021 47022 47022 47024 47024 47024
 47024 47028 47029 47029 47030 47030 47032 47032 47034 47034
 47034 47036 47037 47037 47039 47039 47040 47042 47047 47047
 47050 47051 47051 47051 47052 47053 47053 47056 47057 47057
 47058 47059 47060 47061 47062 47062 47063 47064 47065 47067
 47067 47069 47071 47071 47071 47073 47076 47079 47081 47082
 47082 47084 47084 47085 47092 47095 47096 47099

Array Size = 94
 48067 48054 48000 48014 48043 48069 48008 48023 48074 48080
 48017 48054 48031 48013 48079 48013 48005 48002 48012 48039
 48086 48059 48072 48059 48040 48029 48011 48053 48015 48071
 48032 48028 48067 48081 48099 48040 48023 48000 48051 48054
 48035 48019 48062 48041 48084 48079 48046 48054 48099 48076
 48077 48007 48044 48098 48016 48002 48013 48026 48047 48089
 48027 48092 48077 48051 48069 48041 48030 48007 48054 48039
 48082 48093 48064 48092 48002 48081 48045 48065 48098 48028
 48063 48030 48077 48030 48015 48092 48022 48064 48059 48006
 48034 48065 48080 48092

Array Size = 38
 49005 49010 49012 49022 49023 49026 49026 49032 49038 49038
 49039 49040 49040 49042 49044 49045 49046 49047 49048 49060
 49061 49063 49064 49069 49070 49071 49071 49072 49075 49078
 49078 49078 49082 49084 49089 49090 49096 49099

Array Size = 17
 50045 50074 50083 50089 50046 50086 50074 50076 50049 50028
 50039 50013 50069 50033 50096 50098 50082

Array Size = 32
 51003 51006 51014 51016 51017 51020 51021 51021 51022 51028
 51033 51038 51039 51040 51042 51044 51046 51048 51057 51063
 51066 51067 51068 51071 51079 51080 51080 51085 51085 51091
 51092 51097

Array Size = 78
 52081 52040 52086 52022 52023 52023 52004 52004 52001 52033
 52034 52036 52017 52037 52079 52096 52020 52032 52035 52013
 52012 52056 52017 52072 52052 52069 52019 52070 52097 52041
 52021 52047 52039 52098 52057 52095 52058 52085 52040 52060
 52023 52091 52081 52083 52009 52001 52097 52061 52071 52038
 52076 52027 52035 52072 52034 52080 52017 52071 52021 52044
 52071 52030 52018 52059 52009 52065 52083 52062 52067 52039
 52071 52019 52062 52046 52010 52088 52034 52066

Array Size = 60
 53004 53005 53008 53009 53009 53010 53010 53010 53011 53011
 53013 53013 53014 53015 53015 53015 53017 53028 53028 53029
 53031 53033 53034 53035 53039 53040 53041 53043 53043 53045
 53046 53046 53047 53047 53048 53049 53052 53055 53055 53061
 53062 53066 53067 53071 53075 53076 53076 53078 53079 53083
 53085 53085 53092 53092 53094 53095 53096 53096 53097 53099


Array Size = 55
 54091 54048 54099 54028 54036 54061 54049 54095 54088 54002
 54054 54002 54090 54042 54090 54075 54089 54053 54009 54077
 54096 54007 54046 54047 54032 54045 54065 54076 54015 54044
 54061 54031 54071 54075 54078 54023 54097 54014 54036 54001
 54089 54043 54019 54018 54053 54074 54070 54021 54014 54095
 54094 54028 54051 54095 54096

Array Size = 84
 55000 55000 55003 55003 55003 55004 55004 55005 55006 55006
 55006 55008 55010 55013 55014 55014 55015 55019 55019 55019
 55021 55022 55026 55026 55028 55029 55029 55029 55030 55031
 55033 55033 55033 55035 55035 55037 55037 55040 55041 55041
 55042 55042 55043 55046 55046 55050 55050 55051 55052 55052
 55052 55053 55053 55053 55056 55059 55060 55064 55065 55066
 55066 55067 55067 55073 55074 55074 55074 55076 55077 55078
 55081 55082 55082 55082 55083 55084 55090 55091 55091 55093
 55095 55096 55098 55098

Array Size = 82
 56034 56057 56058 56087 56053 56069 56006 56099 56097 56012
 56053 56060 56057 56069 56011 56058 56069 56025 56078 56074
 56069 56092 56016 56093 56029 56025 56085 56013 56098 56033
 56015 56078 56020 56061 56044 56078 56046 56052 56007 56024
 56076 56086 56079 56068 56021 56000 56048 56071 56075 56058
 56040 56005 56086 56048 56089 56024 56081 56020 56064 56093
 56084 56037 56074 56020 56097 56016 56088 56032 56005 56099
 56091 56029 56059 56066 56048 56028 56068 56051 56027 56078
 56005 56055

Array Size = 78
 57000 57003 57005 57005 57005 57007 57008 57014 57017 57017
 57017 57018 57020 57021 57021 57021 57021 57021 57022 57026
 57026 57028 57029 57031 57031 57031 57033 57035 57038 57038
 57038 57039 57041 57042 57043 57044 57044 57045 57047 57048
 57049 57049 57051 57052 57054 57055 57056 57059 57059 57060
 57061 57063 57068 57071 57071 57071 57073 57074 57075 57076
 57077 57078 57080 57081 57083 57087 57087 57087 57088 57089
 57089 57090 57091 57092 57093 57094 57095 57099

Array Size = 59
 58076 58075 58039 58046 58098 58002 58050 58051 58003 58010
 58016 58039 58025 58051 58092 58082 58096 58002 58003 58035
 58013 58037 58056 58062 58014 58083 58021 58025 58034 58014
 58017 58093 58053 58085 58086 58055 58059 58031 58095 58053
 58099 58006 58077 58079 58019 58035 58050 58088 58022 58047
 58045 58066 58053 58098 58036 58092 58086 58081 58033

Array Size = 28
 59008 59011 59011 59012 59016 59024 59028 59028 59031 59033
 59037 59039 59044 59046 59050 59069 59071 59073 59074 59078
 59081 59082 59083 59090 59091 59093 59097 59099

Array Size = 63
 60042 60072 60055 60003 60080 60070 60089 60005 60054 60026
 60026 60072 60099 60018 60073 60010 60098 60068 60013 60005
 60040 60016 60033 60050 60089 60025 60006 60008 60082 60031
 60062 60008 60053 60085 60070 60022 60095 60088 60098 60048
 60076 60049 60097 60032 60025 60064 60053 60044 60095 60088
 60037 60034 60040 60052 60000 60029 60006 60014 60012 60083
 60081 60096 60082

Array Size = 43
 61010 61012 61014 61016 61017 61017 61018 61021 61021 61024
 61028 61032 61035 61035 61036 61037 61040 61042 61047 61049
 61050 61050 61053 61056 61059 61061 61062 61063 61064 61064
 61066 61067 61069 61071 61077 61080 61081 61082 61082 61084
 61087 61089 61099

Array Size = 55
 62034 62083 62030 62097 62074 62072 62026 62087 62064 62066
 62053 62099 62058 62074 62066 62002 62009 62071 62030 62032
 62032 62073 62048 62000 62067 62057 62095 62031 62007 62045
 62027 62064 62056 62047 62087 62063 62075 62059 62039 62046
 62071 62075 62024 62072 62084 62037 62030 62001 62007 62078
 62070 62028 62054 62083 62073

Array Size = 22
 63004 63005 63018 63019 63023 63025 63027 63028 63034 63038
 63039 63048 63056 63057 63060 63064 63064 63065 63066 63081
 63086 63097

Array Size = 30
 64024 64029 64013 64087 64085 64089 64073 64014 64005 64093
 64030 64023 64000 64072 64080 64037 64038 64006 64041 64029
 64009 64028 64091 64012 64027 64077 64068 64035 64088 64069


Array Size = 22
 65002 65014 65020 65023 65024 65025 65028 65028 65030 65032
 65044 65056 65071 65072 65078 65087 65087 65088 65091 65094
 65095 65098

Array Size = 54
 66088 66034 66026 66018 66081 66051 66006 66052 66063 66047
 66083 66090 66056 66038 66074 66070 66004 66076 66067 66081
 66065 66074 66036 66051 66041 66042 66062 66094 66042 66005
 66085 66086 66090 66061 66038 66001 66083 66082 66095 66076
 66074 66038 66089 66047 66091 66098 66007 66015 66080 66060
 66036 66012 66053 66006

Array Size = 95
 67000 67001 67002 67004 67005 67006 67007 67007 67008 67008
 67009 67009 67010 67012 67014 67016 67018 67018 67018 67019
 67019 67019 67021 67021 67022 67023 67024 67024 67025 67026
 67026 67028 67029 67030 67032 67032 67032 67034 67040 67040
 67041 67041 67041 67042 67042 67043 67045 67047 67049 67050
 67050 67051 67053 67053 67053 67053 67054 67055 67056 67057
 67058 67059 67059 67063 67067 67067 67069 67069 67070 67070
 67071 67076 67077 67078 67079 67080 67081 67081 67081 67083
 67084 67085 67086 67087 67088 67092 67092 67093 67093 67093
 67094 67096 67098 67098 67099

Array Size = 23
 68068 68002 68078 68047 68084 68065 68015 68013 68006 68047
 68002 68022 68005 68072 68031 68086 68063 68022 68080 68062
 68025 68062 68064

Array Size = 90
 69000 69001 69001 69004 69004 69007 69008 69008 69008 69008
 69008 69009 69009 69011 69016 69016 69016 69018 69021 69022
 69023 69023 69025 69026 69027 69027 69027 69028 69029 69030
 69031 69032 69033 69033 69034 69035 69036 69037 69037 69038
 69039 69039 69039 69041 69041 69042 69042 69043 69044 69045
 69045 69050 69050 69050 69052 69057 69059 69059 69059 69062
 69063 69064 69065 69065 69065 69066 69069 69069 69069 69071
 69074 69077 69077 69078 69080 69080 69082 69083 69084 69089
 69090 69093 69094 69097 69098 69099 69099 69099 69099 69099


Array Size = 87
 70041 70071 70013 70060 70054 70080 70006 70023 70072 70093
 70026 70015 70083 70001 70062 70029 70054 70032 70000 70036
 70044 70082 70093 70045 70058 70044 70034 70031 70078 70041
 70047 70096 70004 70097 70020 70034 70057 70079 70028 70055
 70012 70059 70071 70035 70008 70089 70066 70021 70075 70040
 70052 70080 70067 70038 70050 70017 70099 70035 70033 70033
 70075 70040 70007 70057 70010 70053 70084 70088 70043 70084
 70052 70011 70089 70014 70065 70047 70028 70056 70018 70004
 70060 70020 70011 70068 70023 70049 70068

Array Size = 59
 71000 71000 71002 71003 71004 71006 71014 71017 71017 71018
 71019 71019 71021 71021 71023 71024 71025 71029 71029 71031
 71031 71031 71032 71035 71036 71038 71040 71040 71040 71043
 71045 71047 71052 71058 71061 71062 71063 71067 71067 71068
 71069 71070 71071 71075 71076 71076 71078 71080 71081 71084
 71084 71085 71086 71088 71090 71095 71097 71098 71099

Array Size = 80
 72039 72030 72088 72087 72004 72003 72060 72022 72000 72062
 72051 72086 72027 72072 72049 72028 72008 72011 72006 72071
 72069 72098 72007 72031 72090 72017 72000 72078 72098 72010
 72095 72019 72060 72072 72066 72014 72042 72060 72040 72038
 72085 72034 72043 72098 72085 72000 72067 72069 72076 72047
 72078 72036 72097 72074 72016 72057 72098 72005 72079 72069
 72068 72072 72076 72067 72092 72006 72059 72055 72065 72005
 72050 72019 72033 72050 72086 72093 72008 72078 72011 72082


Array Size = 10
 73000 73009 73010 73011 73017 73025 73059 73083 73087 73095


Array Size = 59
 74094 74006 74098 74084 74027 74023 74024 74012 74094 74057
 74022 74023 74083 74052 74026 74022 74057 74003 74013 74043
 74050 74033 74080 74053 74059 74095 74045 74023 74080 74054
 74057 74069 74080 74036 74032 74000 74023 74048 74012 74015
 74080 74063 74001 74040 74068 74026 74055 74044 74060 74070
 74043 74071 74041 74097 74097 74063 74091 74089 74031

Array Size = 62
 75001 75002 75002 75003 75008 75009 75011 75011 75011 75012
 75015 75017 75019 75021 75021 75021 75024 75025 75025 75026
 75027 75034 75035 75035 75036 75037 75042 75049 75049 75051
 75053 75058 75060 75061 75062 75063 75065 75067 75068 75071
 75072 75075 75076 75076 75077 75077 75079 75080 75080 75085
 75087 75088 75089 75093 75094 75097 75097 75098 75098 75098
 75098 75099

Array Size = 66
 76078 76030 76025 76056 76042 76068 76029 76098 76030 76076
 76051 76055 76021 76050 76047 76056 76005 76046 76082 76057
 76063 76081 76054 76056 76032 76035 76040 76082 76077 76043
 76066 76098 76013 76065 76098 76028 76099 76071 76058 76076
 76052 76064 76088 76022 76032 76023 76095 76003 76052 76091
 76001 76061 76093 76087 76047 76097 76072 76080 76052 76065
 76023 76034 76067 76018 76057 76002

Array Size = 54
 77003 77003 77006 77006 77007 77007 77007 77007 77008 77009
 77009 77011 77012 77015 77015 77016 77017 77022 77022 77024
 77026 77027 77028 77030 77031 77036 77043 77043 77047 77050
 77051 77052 77053 77061 77061 77063 77063 77063 77068 77068
 77074 77078 77080 77081 77082 77085 77087 77089 77090 77093
 77094 77095 77096 77097

Array Size = 86
 78013 78047 78073 78058 78073 78046 78033 78016 78035 78022
 78092 78090 78098 78027 78098 78008 78093 78028 78040 78059
 78048 78057 78063 78069 78085 78088 78048 78075 78086 78065
 78030 78087 78046 78094 78008 78034 78044 78021 78087 78003
 78091 78075 78013 78082 78032 78017 78084 78080 78003 78081
 78069 78017 78083 78070 78094 78070 78010 78071 78034 78085
 78051 78009 78015 78006 78061 78041 78047 78006 78051 78098
 78097 78073 78097 78028 78035 78095 78023 78045 78085 78049
 78075 78044 78045 78067 78026 78034

Array Size = 10
 79002 79014 79019 79026 79029 79048 79049 79055 79083 79099


Array Size = 38
 80056 80085 80007 80007 80035 80041 80026 80024 80040 80048
 80064 80026 80070 80009 80054 80096 80067 80018 80052 80024
 80072 80014 80004 80020 80038 80040 80056 80066 80015 80071
 80088 80049 80032 80004 80035 80003 80015 80026

Array Size = 21
 81002 81003 81004 81006 81009 81011 81033 81035 81048 81049
 81049 81050 81053 81063 81064 81072 81074 81075 81077 81079
 81092

Array Size = 70
 82085 82057 82063 82066 82032 82099 82005 82055 82069 82015
 82086 82079 82022 82006 82032 82054 82007 82067 82041 82050
 82061 82073 82024 82098 82013 82094 82008 82016 82086 82098
 82011 82076 82071 82013 82088 82019 82009 82009 82050 82042
 82035 82062 82099 82040 82011 82083 82019 82005 82087 82083
 82097 82080 82022 82037 82094 82083 82092 82009 82071 82072
 82038 82018 82040 82081 82028 82058 82006 82069 82039 82003


Array Size = 65
 83000 83000 83000 83001 83003 83004 83004 83006 83006 83011
 83017 83018 83022 83022 83023 83026 83028 83029 83029 83029
 83032 83032 83033 83035 83038 83042 83042 83048 83049 83052
 83053 83055 83056 83058 83061 83061 83061 83064 83064 83069
 83070 83073 83075 83075 83077 83077 83078 83078 83080 83081
 83084 83086 83086 83087 83088 83089 83090 83091 83093 83094
 83095 83096 83096 83097 83098

Array Size = 78
 84008 84092 84093 84086 84086 84006 84010 84067 84052 84010
 84061 84037 84030 84021 84004 84025 84075 84063 84088 84047
 84044 84056 84008 84066 84012 84031 84079 84049 84090 84060
 84091 84044 84009 84000 84088 84067 84021 84095 84046 84084
 84091 84005 84024 84075 84024 84011 84062 84083 84007 84046
 84042 84020 84006 84029 84066 84032 84076 84079 84011 84089
 84027 84021 84073 84049 84029 84061 84092 84082 84010 84094
 84057 84004 84090 84095 84021 84058 84005 84088

Array Size = 58
 85000 85003 85005 85006 85006 85007 85007 85011 85015 85016
 85016 85016 85017 85019 85020 85024 85026 85027 85028 85030
 85031 85033 85034 85035 85036 85038 85039 85040 85041 85042
 85044 85044 85045 85048 85049 85050 85050 85056 85057 85058
 85059 85065 85066 85068 85069 85076 85078 85079 85081 85084
 85085 85086 85089 85089 85092 85093 85095 85095

Array Size = 71
 86072 86031 86067 86083 86076 86058 86058 86085 86040 86092
 86038 86041 86024 86006 86054 86096 86023 86007 86042 86088
 86043 86099 86071 86095 86089 86069 86011 86005 86016 86030
 86006 86069 86025 86080 86052 86001 86005 86069 86047 86020
 86002 86026 86036 86019 86032 86097 86087 86046 86024 86089
 86009 86077 86052 86019 86096 86060 86012 86017 86075 86006
 86083 86050 86042 86015 86005 86058 86052 86004 86019 86078
 86021

Array Size = 67
 87000 87000 87002 87002 87006 87016 87016 87016 87018 87018
 87022 87026 87026 87027 87028 87030 87030 87031 87031 87032
 87034 87035 87036 87038 87040 87041 87042 87044 87044 87045
 87045 87048 87049 87050 87051 87052 87052 87053 87054 87055
 87056 87057 87061 87065 87070 87071 87072 87073 87074 87078
 87078 87079 87081 87083 87083 87085 87086 87086 87086 87087
 87090 87090 87090 87092 87095 87098 87099

Array Size = 40
 88033 88054 88010 88099 88071 88064 88032 88078 88085 88067
 88061 88026 88079 88039 88079 88010 88036 88074 88029 88018
 88038 88007 88085 88040 88033 88085 88024 88053 88056 88033
 88032 88098 88020 88023 88057 88037 88048 88035 88004 88067


Array Size = 35
 89002 89006 89015 89015 89017 89017 89017 89021 89021 89023
 89023 89024 89026 89026 89026 89033 89038 89039 89042 89045
 89045 89051 89059 89059 89071 89072 89074 89075 89081 89085
 89086 89087 89092 89092 89093

Array Size = 90
 90012 90020 90098 90089 90019 90068 90003 90056 90002 90047
 90002 90059 90025 90074 90097 90011 90073 90069 90092 90028
 90065 90056 90042 90089 90081 90098 90097 90034 90054 90061
 90026 90041 90078 90092 90003 90069 90051 90038 90028 90095
 90096 90038 90000 90081 90080 90061 90067 90094 90021 90045
 90052 90098 90026 90033 90020 90078 90088 90099 90062 90014
 90049 90032 90078 90083 90037 90047 90098 90000 90035 90048
 90016 90094 90089 90052 90016 90077 90020 90049 90006 90068
 90092 90045 90033 90021 90041 90063 90060 90084 90076 90061


Array Size = 67
 91001 91003 91005 91006 91008 91015 91015 91016 91025 91026
 91026 91027 91027 91027 91028 91029 91031 91031 91033 91037
 91037 91040 91043 91044 91046 91051 91052 91056 91057 91058
 91058 91058 91060 91060 91060 91061 91061 91062 91065 91073
 91073 91073 91075 91075 91075 91076 91078 91080 91081 91081
 91082 91083 91083 91085 91086 91086 91089 91090 91090 91093
 91094 91096 91096 91097 91097 91098 91098

Array Size = 67
 92028 92058 92030 92039 92001 92049 92076 92000 92026 92064
 92014 92092 92033 92066 92096 92091 92075 92098 92027 92031
 92025 92054 92018 92047 92062 92022 92034 92006 92059 92084
 92086 92094 92005 92065 92024 92065 92014 92002 92086 92070
 92062 92016 92061 92037 92067 92006 92010 92070 92043 92001
 92033 92072 92026 92085 92027 92020 92065 92094 92070 92030
 92080 92083 92068 92048 92059 92070 92041

Array Size = 74
 93001 93001 93002 93002 93002 93004 93009 93009 93010 93013
 93013 93015 93017 93017 93019 93019 93021 93025 93029 93030
 93035 93036 93038 93042 93046 93046 93047 93049 93050 93050
 93052 93053 93054 93055 93055 93056 93056 93057 93061 93061
 93066 93067 93067 93069 93070 93070 93071 93072 93073 93074
 93074 93076 93078 93079 93079 93080 93083 93083 93085 93085
 93086 93087 93089 93089 93089 93090 93093 93093 93095 93095
 93097 93098 93099 93099

Array Size = 24
 94065 94089 94093 94033 94077 94034 94084 94096 94034 94065
 94004 94062 94041 94005 94006 94000 94089 94055 94085 94031
 94078 94034 94025 94008

Array Size = 16
 95005 95007 95007 95035 95038 95048 95051 95066 95067 95073
 95080 95081 95083 95087 95095 95099

Array Size = 98
 96039 96073 96030 96091 96029 96054 96006 96088 96085 96006
 96035 96018 96089 96077 96090 96093 96072 96089 96055 96023
 96077 96048 96077 96022 96006 96066 96030 96065 96050 96009
 96005 96097 96011 96091 96038 96064 96008 96053 96018 96008
 96022 96093 96058 96009 96080 96085 96042 96008 96046 96087
 96045 96084 96006 96029 96029 96092 96090 96063 96020 96071
 96060 96082 96051 96019 96098 96002 96009 96046 96069 96065
 96090 96001 96041 96050 96094 96043 96097 96019 96064 96035
 96072 96033 96071 96029 96045 96064 96028 96076 96066 96075
 96057 96002 96020 96014 96002 96089 96052 96033

Array Size = 26
 97002 97002 97017 97018 97022 97022 97024 97027 97033 97039
 97040 97043 97043 97043 97052 97057 97059 97069 97075 97082
 97086 97095 97095 97096 97096 97099

Array Size = 57
 98083 98090 98051 98049 98021 98006 98092 98006 98046 98021
 98068 98068 98025 98003 98066 98060 98066 98063 98000 98054
 98083 98052 98014 98078 98033 98025 98019 98059 98007 98007
 98014 98094 98089 98007 98031 98042 98008 98056 98053 98081
 98099 98005 98023 98018 98063 98073 98063 98016 98012 98027
 98006 98011 98020 98010 98071 98091 98089

Array Size = 98
 99003 99003 99003 99005 99005 99006 99007 99007 99008 99009
 99009 99009 99010 99010 99010 99012 99012 99014 99016 99017
 99017 99017 99017 99019 99020 99021 99021 99021 99023 99024
 99025 99027 99029 99029 99030 99031 99031 99032 99032 99033
 99034 99037 99037 99038 99042 99043 99043 99043 99044 99045
 99048 99048 99050 99051 99053 99055 99056 99058 99061 99062
 99065 99065 99068 99069 99069 99070 99070 99072 99074 99075
 99075 99076 99076 99076 99076 99077 99078 99079 99083 99085
 99086 99087 99087 99089 99090 99093 99094 99094 99094 99094
 99094 99095 99096 99097 99097 99098 99099 99099
7088 97089
 97092 97093 97094 97095 97095 97099 97099

Array Size = 62
 98079 98013 98006 98093 98026 98011 98033 98047 98080 98046
 98027 98061 98054 98020 98055 98051 98061 98099 98023 98065
 98005 98013 98037 98078 98036 98011 98087 98070 98021 98073
 98083 98019 98096 98022 98007 98048 98058 98078 98038 98005
 98073 98061 98019 98055 98013 98030 98018 98003 98087 98096
 98007 98052 98088 98077 98099 98024 98094 98043 98036 98077
 98061 98049

Array Size = 28
 99001 99001 99005 99009 99011 99012 99012 99016 99016 99021
 99034 99034 99034 99040 99040 99047 99049 99055 99056 99064
 99066 99076 99081 99082 99093 99094 99095 99099
 97005 97007 97008 97010
 97010 97010 97012 97017 97018 97019 97019 97021 97023 97024
 97024 97024 97025 97025 97025 97026 97026 97028 97032 97032
 97037 97037 97038 97039 97039 97040 97043 97044 97046 97048
 97048 97051 97052 97054 97057 97058 97058 97058 97058 97059
 97060 97060 97061 97061 97063 97064 97067 97068 97069 97069
 97070 97070 97070 97071 97073 97073 97074 97075 97075 97076
 97076 97077 97077 97078 97085 97088 97088 97089 97089 97090
 97096 97098 97099 97099

Array Size = 29
 98086 98060 98016 98074 98034 98079 98014 98063 98087 98055
 98002 98068 98051 98008 98019 98011 98027 98095 98065 98063
 98022 98017 98001 98003 98005 98025 98013 98013 98041

Array Size = 90
 99001 99006 99006 99006 99007 99009 99010 99011 99012 99013
 99016 99017 99019 99019 99020 99021 99022 99023 99028 99030
 99031 99031 99032 99032 99032 99033 99035 99036 99037 99037
 99038 99038 99039 99039 99042 99044 99044 99044 99047 99048
 99049 99049 99050 99051 99051 99051 99052 99052 99052 99052
 99052 99053 99054 99054 99055 99055 99055 99056 99056 99056
 99057 99058 99059 99059 99060 99061 99064 99064 99066 99067
 99067 99068 99069 99072 99074 99076 99076 99077 99078 99084
 99084 99086 99090 99091 99091 99094 99095 99099 99099 99099

