
Array Size = 50
    85    97    71    58    62    96    35    67    58    52
    77    45    14    60    42    39    88    39    84    15
    17    10    86    21    16     7    72    73    30    26
    79    83    53    94    35    37    49    67    74    60
    48    12    74    81    21    72    66    19    51    61


Array Size = 50
  1062  1053  1074  1061  1004  1016  1089  1082  1001  1029
  1042  1076  1049  1051  1011  1026  1052  1080  1038  1008
  1096  1042  1013  1020  1020  1037  1076  1022  1009  1020
  1082  1083  1044  1042  1058  1015  1036  1045  1075  1044
  1038  1054  1028  1084  1088  1046  1032  1061  1077  1003


Array Size = 50
  2004  2098  2035  2014  2053  2062  2011  2005  2082  2012
  2068  2027  2010  2070  2076  2036  2008  2033  2033  2092
  2063  2085  2015  2090  2013  2076  2026  2042  2084  2078
  2055  2022  2078  2076  2099  2098  2054  2038  2003  2005
  2023  2011  2033  2053  2068  2080  2042  2033  2089  2031


Array Size = 50
  3056  3004  3092  3067  3003  3014  3057  3039  3059  3022
  3085  3004  3034  3077  3058  3093  3017  3049  3017  3093
  3027  3007  3060  3020  3049  3031  3028  3087  3070  3067
  3049  3027  3076  3045  3034  3009  3073  3065  3032  3077
  3016  3077  3046  3089  3065  3030  3007  3002  3009  3074


Array Size = 50
  4048  4044  4077  4076  4009  4026  4001  4008  4044  4022
  4069  4004  4097  4012  4033  4034  4037  4050  4073  4072
  4045  4076  4035  4066  4047  4032  4019  4055  4014  4074
  4001  4051  4091  4089  4065  4053  4053  4024  4030  4068
  4009  4070  4042  4028  4009  4053  4002  4012  4043  4078


Array Size = 50
  5082  5025  5085  5021  5050  5048  5042  5083  5023  5011
  5010  5091  5097  5060  5017  5042  5044  5088  5060  5085
  5099  5015  5080  5047  5023  5056  5058  5020  5062  5053
  5004  5068  5097  5032  5063  5025  5081  5078  5002  5085
  5042  5028  5022  5056  5097  5021  5073  5005  5037  5098


Array Size = 50
  6078  6057  6034  6032  6079  6071  6013  6054  6065  6092
  6014  6083  6070  6076  6023  6008  6017  6042  6062  6030
  6016  6034  6050  6099  6038  6036  6002  6063  6018  6003
  6041  6094  6032  6056  6062  6067  6099  6005  6033  6024
  6082  6070  6066  6020  6017  6055  6029  6041  6009  6087


Array Size = 50
  7026  7071  7065  7001  7052  7052  7084  7013  7053  7069
  7045  7008  7076  7049  7010  7061  7065  7057  7071  7020
  7047  7014  7008  7014  7077  7023  7057  7010  7035  7084
  7004  7017  7005  7088  7047  7010  7076  7073  7047  7041
  7032  7005  7079  7012  7026  7078  7055  7096  7078  7042


Array Size = 50
  8000  8027  8014  8056  8093  8058  8046  8010  8007  8025
  8063  8070  8003  8061  8059  8028  8064  8048  8078  8040
  8032  8023  8090  8055  8045  8094  8021  8010  8019  8048
  8095  8023  8027  8068  8092  8038  8031  8083  8008  8019
  8022  8057  8022  8015  8019  8082  8098  8071  8043  8011


Array Size = 50
  9023  9087  9025  9033  9007  9027  9065  9068  9038  9049
  9014  9002  9059  9094  9061  9020  9002  9069  9007  9018
  9069  9080  9010  9005  9072  9040  9046  9018  9005  9046
  9021  9021  9024  9050  9023  9058  9041  9034  9082  9087
  9087  9001  9041  9020  9021  9019  9035  9039  9065  9073


Array Size = 50
 10050 10034 10092 10046 10056 10005 10071 10021 10082 10092
 10014 10065 10049 10072 10013 10017 10015 10034 10021 10001
 10044 10056 10089 10049 10012 10099 10037 10049 10043 10090
 10098 10007 10025 10011 10024 10066 10040 10033 10088 10094
 10057 10031 10092 10000 10035 10087 10088 10033 10046 10053


Array Size = 50
 11061 11039 11038 11062 11065 11004 11030 11084 11013 11037
 11046 11002 11078 11017 11082 11060 11077 11070 11081 11006
 11074 11087 11079 11076 11000 11076 11072 11089 11078 11063
 11064 11074 11090 11044 11042 11091 11029 11089 11027 11052
 11024 11072 11035 11012 11004 11021 11043 11011 11030 11054


Array Size = 50
 12095 12015 12086 12064 12054 12072 12037 12096 12082 12098
 12096 12021 12069 12005 12066 12015 12012 12027 12078 12085
 12054 12025 12011 12075 12028 12078 12094 12008 12017 12055
 12024 12079 12033 12000 12061 12063 12050 12023 12087 12009
 12028 12009 12033 12077 12061 12021 12050 12082 12024 12009


Array Size = 50
 13048 13073 13062 13019 13088 13043 13036 13014 13027 13066
 13060 13026 13010 13072 13002 13087 13058 13041 13046 13048
 13015 13094 13058 13036 13078 13028 13006 13035 13070 13006
 13019 13094 13059 13031 13034 13009 13059 13059 13046 13019
 13096 13097 13052 13088 13049 13098 13013 13005 13028 13098


Array Size = 50
 14058 14039 14016 14002 14042 14092 14097 14081 14024 14078
 14065 14060 14074 14051 14016 14050 14061 14024 14084 14079
 14056 14069 14060 14036 14036 14087 14087 14008 14071 14032
 14049 14043 14003 14076 14058 14063 14067 14097 14057 14061
 14060 14077 14081 14032 14051 14072 14061 14094 14095 14092


Array Size = 50
 15030 15006 15000 15050 15000 15099 15033 15010 15024 15087
 15046 15050 15095 15040 15087 15052 15097 15018 15019 15047
 15040 15033 15048 15021 15039 15087 15072 15083 15003 15003
 15004 15056 15002 15058 15097 15050 15035 15029 15002 15010
 15045 15010 15098 15091 15052 15004 15098 15092 15042 15061


Array Size = 50
 16057 16031 16016 16012 16061 16069 16061 16019 16027 16058
 16065 16078 16036 16095 16012 16025 16081 16004 16085 16018
 16065 16026 16088 16025 16068 16007 16010 16042 16008 16076
 16013 16018 16051 16089 16010 16095 16041 16084 16029 16015
 16096 16053 16067 16067 16030 16070 16035 16016 16003 16087


Array Size = 50
 17032 17009 17089 17070 17008 17079 17086 17040 17084 17030
 17024 17048 17030 17052 17003 17014 17023 17060 17086 17041
 17087 17070 17060 17087 17070 17080 17014 17016 17088 17076
 17046 17073 17073 17032 17005 17055 17041 17004 17074 17024
 17022 17082 17040 17064 17037 17084 17065 17077 17074 17045


Array Size = 50
 18055 18036 18070 18076 18008 18037 18061 18005 18065 18075
 18059 18045 18061 18036 18070 18001 18079 18076 18072 18010
 18036 18087 18099 18089 18008 18008 18073 18072 18093 18056
 18077 18040 18058 18074 18048 18003 18037 18063 18002 18003
 18067 18078 18057 18078 18000 18035 18090 18098 18053 18014


Array Size = 50
 19007 19025 19077 19028 19061 19037 19040 19026 19097 19023
 19095 19089 19073 19038 19037 19060 19099 19007 19068 19035
 19022 19000 19074 19000 19090 19029 19016 19023 19017 19009
 19002 19031 19079 19073 19030 19037 19078 19063 19069 19022
 19037 19088 19096 19005 19071 19080 19061 19031 19011 19004


Array Size = 50
 20034 20080 20036 20088 20084 20037 20079 20059 20099 20006
 20096 20099 20065 20050 20034 20077 20083 20041 20016 20010
 20081 20070 20095 20036 20098 20022 20003 20059 20099 20055
 20097 20072 20096 20059 20034 20039 20070 20047 20021 20043
 20036 20018 20026 20020 20062 20054 20051 20020 20086 20014


Array Size = 50
 21026 21083 21065 21068 21029 21031 21018 21080 21049 21017
 21029 21042 21018 21006 21062 21061 21083 21045 21011 21098
 21029 21068 21050 21028 21031 21038 21030 21009 21008 21046
 21053 21001 21024 21069 21098 21003 21064 21082 21099 21013
 21009 21042 21040 21006 21042 21065 21066 21082 21091 21076


Array Size = 50
 22054 22094 22007 22044 22050 22062 22027 22096 22084 22007
 22004 22094 22068 22067 22055 22060 22014 22024 22004 22095
 22095 22029 22017 22040 22046 22001 22020 22014 22032 22061
 22053 22055 22014 22017 22065 22091 22083 22014 22018 22083
 22031 22098 22033 22064 22071 22010 22095 22074 22063 22073


Array Size = 50
 23070 23044 23086 23037 23041 23039 23018 23065 23010 23098
 23070 23033 23080 23068 23099 23070 23028 23000 23062 23043
 23020 23062 23050 23054 23005 23055 23049 23053 23095 23020
 23001 23088 23015 23033 23054 23037 23053 23054 23097 23022
 23016 23005 23003 23021 23077 23098 23078 23039 23082 23099


Array Size = 50
 24016 24094 24025 24076 24028 24011 24056 24076 24007 24096
 24008 24025 24063 24088 24053 24007 24006 24054 24012 24060
 24063 24043 24001 24070 24018 24012 24013 24014 24086 24065
 24059 24051 24056 24082 24013 24087 24040 24044 24009 24064
 24090 24096 24028 24054 24088 24059 24003 24086 24069 24003


Array Size = 50
 25047 25072 25019 25036 25055 25001 25018 25025 25046 25069
 25099 25009 25014 25086 25036 25071 25090 25024 25036 25018
 25095 25043 25005 25083 25065 25021 25043 25021 25078 25060
 25057 25019 25049 25006 25067 25021 25085 25000 25012 25054
 25075 25041 25054 25099 25075 25026 25004 25049 25058 25035


Array Size = 50
 26021 26089 26071 26004 26026 26053 26031 26077 26016 26069
 26079 26098 26014 26088 26023 26011 26011 26068 26086 26034
 26005 26083 26068 26092 26033 26013 26082 26077 26022 26061
 26038 26072 26043 26086 26072 26010 26064 26084 26033 26037
 26084 26069 26005 26076 26061 26035 26014 26061 26091 26015


Array Size = 50
 27093 27043 27094 27022 27034 27080 27035 27035 27011 27068
 27082 27033 27098 27018 27004 27048 27066 27077 27039 27065
 27021 27031 27013 27006 27083 27066 27058 27048 27000 27042
 27066 27087 27039 27041 27092 27049 27051 27030 27068 27019
 27013 27072 27083 27056 27041 27065 27014 27019 27067 27077


Array Size = 50
 28041 28088 28072 28041 28090 28018 28000 28061 28045 28046
 28067 28069 28025 28057 28033 28020 28051 28006 28035 28008
 28066 28022 28050 28010 28013 28034 28047 28019 28032 28053
 28002 28086 28067 28013 28071 28099 28021 28068 28006 28072
 28099 28000 28014 28028 28047 28077 28062 28039 28072 28052


Array Size = 50
 29068 29059 29059 29029 29072 29034 29086 29083 29096 29032
 29065 29065 29087 29036 29088 29029 29018 29089 29055 29003
 29063 29083 29030 29088 29010 29097 29021 29018 29032 29041
 29060 29011 29046 29042 29077 29036 29013 29009 29084 29067
 29093 29041 29036 29017 29029 29073 29090 29070 29036 29018


Array Size = 50
 30024 30047 30070 30039 30032 30032 30041 30061 30097 30099
 30055 30074 30039 30038 30086 30028 30050 30079 30048 30027
 30081 30054 30011 30012 30025 30001 30066 30097 30032 30056
 30061 30020 30010 30085 30061 30085 30026 30031 30017 30056
 30086 30018 30046 30010 30018 30000 30011 30061 30020 30092


Array Size = 50
 31023 31026 31070 31061 31038 31032 31060 31077 31033 31093
 31092 31094 31055 31027 31078 31093 31038 31096 31017 31062
 31031 31053 31019 31074 31067 31063 31085 31057 31014 31073
 31088 31008 31005 31043 31079 31093 31054 31021 31030 31066
 31068 31006 31000 31076 31022 31070 31044 31020 31084 31050


Array Size = 50
 32031 32039 32070 32055 32029 32061 32062 32078 32010 32039
 32011 32071 32093 32097 32025 32088 32005 32053 32046 32044
 32064 32000 32069 32097 32051 32054 32033 32050 32042 32086
 32024 32031 32071 32008 32028 32098 32013 32050 32098 32068
 32056 32001 32042 32006 32031 32031 32089 32058 32026 32047


Array Size = 50
 33068 33058 33052 33055 33051 33011 33074 33057 33023 33071
 33099 33065 33012 33009 33080 33073 33067 33045 33066 33035
 33019 33075 33017 33052 33069 33027 33001 33034 33009 33069
 33019 33056 33046 33048 33008 33004 33022 33043 33023 33049
 33020 33079 33017 33065 33077 33001 33073 33065 33091 33065


Array Size = 50
 34009 34029 34071 34035 34093 34062 34034 34013 34051 34041
 34096 34073 34009 34064 34041 34036 34041 34081 34021 34042
 34027 34021 34079 34099 34068 34006 34014 34049 34015 34059
 34010 34021 34053 34075 34006 34066 34096 34092 34000 34063
 34012 34036 34097 34086 34059 34042 34039 34068 34095 34082


Array Size = 50
 35094 35009 35073 35012 35006 35086 35018 35078 35081 35026
 35085 35001 35043 35050 35013 35043 35045 35035 35059 35013
 35096 35085 35033 35081 35099 35055 35066 35066 35064 35086
 35018 35071 35076 35078 35079 35026 35068 35054 35050 35002
 35082 35076 35001 35027 35090 35075 35047 35014 35008 35033


Array Size = 50
 36087 36061 36099 36003 36089 36030 36085 36031 36031 36074
 36059 36041 36045 36031 36048 36094 36061 36087 36096 36014
 36048 36051 36015 36034 36037 36089 36006 36049 36003 36074
 36080 36027 36027 36071 36028 36068 36011 36030 36016 36005
 36074 36086 36056 36020 36097 36081 36009 36067 36021 36095


Array Size = 50
 37028 37076 37009 37069 37086 37040 37049 37079 37012 37058
 37089 37040 37025 37084 37054 37016 37071 37077 37046 37004
 37026 37018 37064 37075 37092 37029 37025 37059 37034 37079
 37091 37083 37015 37065 37017 37069 37034 37099 37097 37054
 37050 37096 37038 37026 37003 37096 37098 37029 37079 37065


Array Size = 50
 38005 38045 38012 38076 38091 38055 38072 38062 38011 38083
 38018 38023 38015 38011 38008 38033 38077 38039 38072 38063
 38052 38076 38044 38085 38044 38005 38012 38021 38057 38036
 38026 38015 38085 38084 38033 38061 38011 38036 38000 38090
 38056 38036 38059 38021 38091 38066 38079 38015 38001 38045


Array Size = 50
 39014 39014 39008 39025 39069 39031 39026 39031 39065 39087
 39026 39070 39036 39093 39045 39017 39010 39019 39069 39089
 39053 39076 39027 39074 39060 39013 39087 39027 39020 39089
 39075 39096 39058 39020 39027 39001 39050 39052 39090 39070
 39085 39067 39003 39069 39028 39050 39011 39076 39066 39062


Array Size = 50
 40085 40021 40055 40071 40098 40014 40017 40079 40053 40003
 40089 40047 40026 40027 40072 40050 40079 40031 40074 40074
 40070 40026 40083 40013 40088 40094 40077 40028 40092 40061
 40046 40048 40059 40098 40070 40087 40090 40036 40063 40009
 40034 40016 40003 40014 40096 40004 40018 40064 40062 40049


Array Size = 50
 41086 41050 41093 41019 41091 41012 41072 41051 41072 41008
 41073 41037 41013 41073 41016 41045 41071 41080 41084 41008
 41017 41002 41074 41045 41038 41038 41062 41030 41033 41034
 41038 41035 41025 41012 41018 41077 41049 41043 41050 41079
 41056 41039 41096 41027 41065 41014 41096 41037 41049 41083


Array Size = 50
 42000 42078 42001 42066 42033 42041 42020 42071 42024 42067
 42024 42098 42087 42014 42098 42019 42020 42096 42062 42053
 42068 42067 42071 42031 42025 42000 42037 42002 42011 42023
 42016 42035 42049 42059 42053 42085 42044 42056 42093 42001
 42079 42045 42028 42074 42061 42036 42043 42020 42099 42003


Array Size = 50
 43072 43074 43051 43009 43073 43054 43056 43027 43095 43012
 43029 43010 43072 43015 43022 43063 43039 43091 43093 43094
 43082 43057 43001 43011 43035 43068 43082 43069 43075 43084
 43074 43042 43028 43039 43032 43083 43033 43076 43038 43070
 43099 43067 43004 43016 43056 43055 43035 43019 43018 43045


Array Size = 50
 44076 44083 44077 44056 44042 44020 44070 44000 44017 44049
 44082 44079 44022 44025 44005 44091 44074 44011 44067 44077
 44072 44067 44095 44037 44098 44004 44012 44057 44065 44093
 44058 44000 44091 44037 44031 44025 44092 44098 44010 44005
 44054 44002 44077 44038 44073 44038 44060 44003 44047 44033


Array Size = 50
 45043 45070 45046 45077 45061 45046 45077 45071 45038 45036
 45098 45054 45086 45083 45045 45050 45016 45040 45049 45026
 45067 45039 45098 45034 45083 45021 45070 45082 45023 45039
 45022 45095 45082 45098 45072 45010 45094 45043 45039 45049
 45098 45041 45091 45071 45065 45050 45004 45056 45003 45006


Array Size = 50
 46049 46005 46015 46067 46093 46014 46050 46047 46052 46024
 46039 46047 46012 46037 46063 46099 46033 46064 46016 46093
 46000 46094 46046 46032 46059 46083 46000 46056 46061 46043
 46047 46031 46018 46054 46069 46012 46015 46015 46073 46081
 46001 46088 46034 46060 46017 46074 46070 46069 46059 46007


Array Size = 50
 47061 47098 47060 47011 47070 47048 47033 47016 47006 47057
 47058 47050 47094 47079 47033 47007 47069 47025 47004 47058
 47041 47018 47097 47057 47005 47059 47037 47064 47071 47009
 47018 47020 47016 47055 47023 47083 47021 47039 47033 47074
 47053 47028 47099 47031 47026 47074 47024 47009 47001 47076


Array Size = 50
 48065 48031 48080 48023 48066 48040 48003 48027 48081 48034
 48016 48007 48035 48022 48061 48027 48040 48020 48007 48050
 48043 48002 48009 48032 48031 48059 48011 48093 48080 48009
 48046 48050 48081 48050 48051 48012 48061 48027 48011 48006
 48048 48001 48084 48049 48098 48088 48005 48013 48030 48070


Array Size = 50
 49033 49042 49071 49046 49055 49078 49015 49098 49095 49022
 49048 49054 49020 49052 49042 49085 49090 49021 49029 49077
 49032 49029 49054 49056 49025 49021 49066 49000 49004 49081
 49070 49087 49055 49069 49035 49092 49053 49070 49085 49027
 49000 49042 49080 49090 49016 49057 49021 49099 49048 49044


Array Size = 50
 50010 50041 50086 50069 50017 50066 50098 50048 50039 50081
 50038 50055 50039 50058 50069 50065 50093 50008 50016 50086
 50021 50015 50033 50047 50004 50044 50031 50076 50041 50032
 50046 50004 50008 50084 50047 50045 50056 50014 50020 50028
 50088 50083 50081 50015 50081 50090 50056 50048 50003 50077


Array Size = 50
 51057 51054 51057 51043 51073 51090 51020 51027 51003 51060
 51072 51087 51090 51003 51025 51053 51016 51040 51060 51090
 51044 51070 51033 51031 51023 51051 51038 51067 51050 51062
 51057 51018 51072 51025 51027 51068 51034 51040 51014 51099
 51046 51038 51029 51020 51046 51074 51092 51043 51015 51075


Array Size = 50
 52003 52026 52025 52068 52076 52057 52004 52028 52033 52094
 52077 52025 52029 52084 52019 52077 52029 52024 52041 52013
 52021 52035 52055 52083 52012 52062 52030 52097 52063 52073
 52082 52055 52016 52035 52065 52078 52063 52019 52092 52092
 52074 52046 52029 52017 52029 52046 52027 52017 52074 52028


Array Size = 50
 53045 53044 53092 53005 53073 53051 53093 53060 53006 53020
 53010 53064 53078 53073 53016 53094 53047 53081 53073 53029
 53082 53084 53079 53037 53029 53078 53072 53044 53062 53011
 53024 53055 53071 53000 53002 53037 53067 53084 53080 53032
 53071 53062 53016 53025 53077 53019 53074 53055 53038 53008


Array Size = 50
 54048 54009 54057 54092 54059 54026 54042 54044 54022 54015
 54089 54040 54099 54002 54026 54009 54080 54087 54018 54098
 54031 54038 54070 54013 54046 54096 54008 54062 54060 54090
 54081 54085 54036 54088 54000 54066 54045 54094 54048 54046
 54065 54091 54000 54079 54053 54077 54096 54061 54003 54069


Array Size = 50
 55029 55060 55089 55096 55031 55092 55050 55063 55065 55069
 55019 55044 55078 55096 55037 55006 55040 55000 55046 55077
 55034 55060 55043 55085 55099 55009 55045 55086 55036 55090
 55009 55095 55005 55008 55024 55020 55068 55039 55018 55017
 55025 55071 55027 55059 55039 55096 55063 55033 55097 55057


Array Size = 50
 56018 56026 56070 56004 56097 56087 56067 56051 56095 56012
 56050 56013 56066 56060 56013 56048 56063 56007 56036 56013
 56073 56041 56082 56084 56048 56069 56014 56091 56018 56062
 56018 56047 56095 56055 56051 56013 56074 56073 56002 56002
 56086 56043 56011 56003 56036 56061 56021 56011 56011 56024


Array Size = 50
 57019 57070 57044 57041 57064 57006 57078 57091 57035 57018
 57011 57074 57006 57006 57055 57035 57045 57049 57017 57020
 57020 57099 57039 57055 57091 57077 57061 57096 57004 57077
 57041 57080 57062 57081 57060 57003 57009 57050 57084 57079
 57068 57068 57004 57022 57055 57073 57091 57087 57095 57006


Array Size = 50
 58056 58072 58087 58032 58005 58068 58073 58076 58035 58040
 58064 58018 58052 58002 58054 58073 58038 58085 58027 58061
 58040 58068 58027 58036 58023 58041 58030 58021 58054 58015
 58079 58046 58085 58061 58093 58069 58043 58018 58056 58047
 58091 58050 58053 58082 58047 58016 58078 58050 58059 58051


Array Size = 50
 59021 59060 59032 59025 59042 59088 59056 59099 59097 59021
 59057 59007 59045 59084 59039 59000 59029 59088 59088 59082
 59078 59066 59005 59018 59084 59070 59014 59078 59091 59039
 59049 59056 59010 59063 59049 59034 59002 59049 59056 59017
 59005 59099 59075 59035 59004 59092 59059 59030 59034 59009


Array Size = 50
 60054 60061 60004 60089 60049 60055 60080 60046 60064 60091
 60007 60065 60021 60044 60071 60001 60070 60028 60024 60019
 60069 60042 60023 60036 60045 60044 60048 60020 60017 60048
 60029 60059 60006 60044 60043 60036 60091 60047 60021 60086
 60030 60080 60067 60021 60031 60028 60051 60021 60052 60080


Array Size = 50
 61098 61019 61059 61006 61085 61004 61036 61009 61021 61053
 61063 61056 61038 61046 61020 61045 61099 61012 61000 61024
 61050 61085 61089 61013 61045 61072 61079 61025 61001 61076
 61003 61010 61023 61016 61092 61047 61086 61068 61004 61080
 61082 61027 61071 61067 61089 61015 61031 61058 61048 61083


Array Size = 50
 62033 62018 62073 62092 62059 62039 62042 62082 62061 62017
 62028 62001 62078 62092 62052 62042 62082 62020 62030 62092
 62089 62047 62063 62050 62089 62091 62048 62043 62010 62097
 62084 62018 62076 62017 62013 62067 62092 62093 62014 62028
 62094 62014 62086 62013 62041 62034 62000 62074 62008 62045


Array Size = 50
 63000 63043 63043 63044 63044 63053 63086 63015 63096 63028
 63087 63071 63017 63009 63028 63010 63030 63017 63046 63035
 63065 63044 63051 63016 63083 63004 63044 63085 63013 63089
 63024 63000 63022 63086 63091 63002 63022 63074 63020 63023
 63025 63024 63082 63001 63033 63090 63088 63032 63080 63006


Array Size = 50
 64093 64053 64003 64069 64002 64037 64065 64037 64051 64010
 64011 64041 64028 64079 64047 64021 64026 64090 64078 64029
 64044 64059 64049 64044 64003 64070 64078 64060 64037 64067
 64026 64039 64045 64035 64055 64057 64019 64094 64066 64077
 64082 64048 64020 64094 64097 64096 64028 64016 64083 64092


Array Size = 50
 65050 65043 65036 65066 65013 65048 65064 65039 65038 65056
 65060 65026 65059 65081 65011 65082 65069 65041 65025 65067
 65041 65058 65020 65066 65069 65007 65052 65036 65040 65001
 65008 65004 65081 65078 65085 65077 65023 65031 65083 65022
 65022 65006 65038 65072 65023 65033 65078 65023 65076 65016


Array Size = 50
 66092 66038 66002 66021 66001 66082 66075 66070 66085 66058
 66058 66013 66059 66065 66061 66020 66040 66053 66080 66059
 66016 66023 66028 66055 66098 66075 66044 66018 66031 66047
 66069 66009 66017 66095 66052 66061 66026 66052 66011 66084
 66027 66036 66004 66089 66075 66062 66057 66006 66046 66010


Array Size = 50
 67042 67075 67040 67032 67012 67065 67064 67096 67043 67083
 67085 67014 67055 67084 67028 67065 67052 67075 67021 67001
 67018 67056 67000 67095 67005 67094 67055 67049 67078 67094
 67084 67017 67005 67040 67015 67024 67046 67030 67071 67045
 67085 67076 67072 67061 67070 67058 67044 67014 67084 67098


Array Size = 50
 68091 68099 68004 68072 68046 68026 68048 68088 68060 68087
 68068 68083 68075 68075 68014 68070 68034 68067 68084 68087
 68092 68047 68090 68032 68087 68052 68004 68035 68097 68075
 68050 68015 68039 68002 68063 68095 68075 68026 68064 68030
 68016 68095 68072 68046 68034 68032 68080 68032 68065 68093


Array Size = 50
 69094 69009 69073 69051 69032 69021 69045 69050 69090 69058
 69029 69027 69047 69057 69013 69076 69017 69083 69020 69018
 69061 69086 69033 69095 69048 69079 69069 69044 69008 69033
 69075 69033 69068 69071 69059 69006 69070 69043 69053 69096
 69061 69036 69015 69073 69088 69022 69032 69082 69096 69067


Array Size = 50
 70091 70088 70016 70064 70080 70093 70045 70010 70029 70003
 70071 70034 70085 70041 70081 70009 70070 70031 70016 70000
 70079 70033 70019 70018 70039 70012 70047 70077 70017 70068
 70022 70007 70017 70034 70090 70076 70011 70096 70030 70069
 70088 70056 70055 70095 70093 70049 70075 70078 70069 70090


Array Size = 50
 71075 71049 71012 71084 71070 71043 71049 71012 71013 71051
 71095 71048 71095 71028 71071 71046 71038 71070 71074 71098
 71063 71072 71058 71036 71067 71005 71050 71057 71072 71003
 71077 71093 71033 71018 71026 71060 71017 71055 71030 71076
 71036 71057 71078 71046 71037 71096 71096 71072 71035 71024


Array Size = 50
 72009 72079 72075 72037 72009 72054 72024 72098 72054 72083
 72038 72092 72046 72041 72017 72016 72014 72073 72033 72004
 72032 72034 72056 72087 72056 72060 72093 72049 72070 72076
 72010 72050 72056 72016 72033 72027 72081 72096 72021 72051
 72060 72035 72021 72016 72003 72018 72017 72007 72003 72077


Array Size = 50
 73088 73008 73033 73092 73092 73022 73051 73021 73041 73004
 73032 73034 73042 73033 73063 73025 73036 73055 73083 73086
 73081 73086 73041 73083 73061 73067 73090 73083 73062 73036
 73085 73073 73079 73013 73005 73040 73035 73007 73085 73053
 73068 73059 73006 73051 73090 73040 73042 73058 73024 73084


Array Size = 50
 74063 74022 74044 74035 74038 74082 74001 74005 74067 74054
 74061 74064 74044 74074 74083 74046 74093 74032 74080 74023
 74030 74037 74005 74047 74007 74040 74076 74016 74030 74016
 74049 74098 74054 74043 74059 74060 74097 74098 74068 74013
 74081 74038 74016 74042 74051 74092 74096 74068 74031 74055


Array Size = 50
 75023 75042 75042 75076 75042 75081 75088 75053 75018 75002
 75062 75061 75001 75051 75089 75041 75009 75056 75002 75033
 75003 75012 75062 75093 75051 75000 75098 75050 75017 75058
 75047 75088 75012 75083 75004 75022 75035 75021 75037 75042
 75014 75036 75096 75019 75044 75063 75038 75024 75080 75020


Array Size = 50
 76021 76097 76057 76069 76026 76096 76084 76085 76076 76097
 76076 76083 76032 76014 76038 76094 76016 76076 76035 76099
 76015 76061 76030 76020 76080 76058 76073 76054 76052 76034
 76060 76073 76027 76041 76062 76054 76032 76069 76006 76077
 76048 76052 76059 76031 76068 76010 76084 76016 76033 76022


Array Size = 50
 77043 77024 77015 77018 77057 77090 77043 77065 77030 77005
 77082 77070 77015 77013 77022 77024 77013 77018 77088 77081
 77062 77040 77055 77042 77041 77059 77099 77086 77000 77076
 77038 77097 77015 77049 77049 77061 77038 77036 77084 77078
 77054 77031 77051 77026 77053 77036 77034 77050 77091 77053


Array Size = 50
 78092 78025 78028 78004 78099 78005 78073 78020 78018 78022
 78098 78033 78068 78002 78056 78088 78020 78080 78062 78054
 78090 78046 78030 78052 78068 78079 78062 78078 78023 78048
 78086 78077 78026 78020 78075 78030 78096 78046 78049 78043
 78010 78088 78027 78090 78021 78052 78052 78080 78031 78040


Array Size = 50
 79010 79096 79014 79009 79028 79050 79052 79078 79078 79026
 79091 79018 79093 79097 79022 79026 79075 79063 79076 79087
 79016 79004 79078 79064 79083 79025 79034 79050 79031 79041
 79032 79000 79075 79005 79044 79044 79065 79064 79003 79020
 79032 79021 79094 79036 79056 79080 79095 79067 79028 79000


Array Size = 50
 80014 80017 80007 80005 80093 80052 80016 80032 80013 80034
 80029 80032 80043 80067 80049 80097 80012 80013 80031 80017
 80066 80021 80099 80000 80021 80046 80093 80006 80078 80012
 80064 80079 80065 80044 80015 80064 80056 80068 80009 80054
 80054 80072 80038 80082 80077 80000 80038 80062 80079 80016


Array Size = 50
 81083 81098 81022 81036 81050 81052 81052 81014 81000 81089
 81052 81098 81019 81003 81020 81086 81042 81063 81067 81067
 81070 81037 81056 81096 81046 81085 81004 81063 81062 81075
 81038 81018 81016 81066 81072 81046 81079 81015 81096 81064
 81052 81071 81089 81087 81079 81098 81011 81016 81083 81029


Array Size = 50
 82033 82032 82014 82088 82092 82083 82052 82088 82045 82025
 82012 82061 82085 82024 82020 82049 82047 82068 82007 82091
 82046 82006 82077 82017 82041 82040 82046 82085 82030 82027
 82085 82095 82097 82086 82067 82050 82003 82033 82067 82056
 82056 82007 82020 82006 82070 82026 82038 82065 82019 82045


Array Size = 50
 83008 83045 83063 83093 83096 83012 83011 83019 83031 83081
 83034 83026 83045 83012 83043 83045 83029 83065 83046 83081
 83055 83065 83073 83008 83032 83095 83092 83087 83038 83030
 83028 83094 83063 83023 83046 83096 83028 83074 83000 83092
 83068 83048 83075 83054 83041 83076 83007 83081 83078 83029


Array Size = 50
 84064 84086 84092 84084 84098 84054 84090 84065 84075 84030
 84013 84046 84033 84022 84081 84018 84012 84048 84073 84070
 84011 84013 84046 84066 84038 84075 84034 84090 84070 84064
 84033 84037 84044 84018 84083 84018 84033 84018 84015 84027
 84079 84082 84083 84047 84019 84049 84037 84091 84060 84017


Array Size = 50
 85036 85090 85044 85021 85031 85038 85062 85007 85021 85043
 85081 85090 85062 85091 85017 85017 85003 85016 85042 85093
 85093 85069 85018 85000 85077 85041 85079 85020 85016 85050
 85044 85072 85064 85014 85093 85056 85037 85095 85075 85042
 85068 85089 85046 85006 85053 85079 85028 85020 85063 85018


Array Size = 50
 86089 86032 86064 86060 86048 86021 86098 86029 86032 86018
 86045 86008 86020 86050 86033 86036 86009 86016 86056 86008
 86021 86060 86037 86072 86081 86034 86000 86084 86022 86032
 86064 86011 86028 86006 86086 86010 86039 86036 86035 86008
 86017 86064 86079 86097 86046 86034 86085 86040 86000 86090


Array Size = 50
 87041 87000 87090 87059 87050 87049 87009 87026 87035 87062
 87044 87054 87072 87040 87003 87051 87025 87037 87021 87041
 87000 87067 87065 87060 87020 87011 87092 87011 87023 87083
 87063 87022 87041 87093 87012 87037 87057 87002 87091 87045
 87017 87083 87073 87077 87037 87062 87024 87002 87044 87061


Array Size = 50
 88057 88036 88045 88079 88032 88046 88083 88032 88076 88029
 88014 88082 88067 88068 88068 88090 88095 88002 88006 88020
 88085 88055 88078 88008 88075 88009 88037 88019 88077 88050
 88021 88077 88003 88042 88097 88021 88023 88046 88094 88098
 88078 88022 88000 88009 88036 88069 88031 88050 88043 88083


Array Size = 50
 89008 89006 89097 89093 89023 89040 89066 89046 89080 89054
 89000 89003 89051 89013 89084 89081 89015 89054 89076 89060
 89010 89017 89044 89017 89016 89092 89022 89008 89093 89052
 89007 89086 89026 89099 89019 89025 89093 89075 89046 89072
 89050 89032 89012 89045 89091 89076 89066 89012 89036 89076


Array Size = 50
 90010 90036 90088 90079 90088 90024 90066 90078 90003 90091
 90055 90038 90049 90048 90021 90059 90005 90040 90021 90001
 90029 90094 90092 90053 90011 90091 90007 90016 90087 90098
 90010 90034 90071 90028 90045 90008 90075 90071 90092 90066
 90053 90089 90027 90062 90015 90070 90008 90024 90009 90056


Array Size = 50
 91053 91026 91047 91078 91065 91086 91090 91006 91014 91032
 91019 91093 91091 91005 91020 91092 91085 91060 91059 91026
 91057 91009 91029 91013 91006 91082 91093 91096 91078 91062
 91084 91009 91085 91052 91095 91014 91011 91002 91065 91044
 91033 91081 91029 91063 91093 91068 91020 91059 91029 91091


Array Size = 50
 92080 92087 92078 92051 92021 92043 92065 92026 92086 92027
 92045 92047 92009 92034 92041 92079 92064 92021 92085 92036
 92096 92058 92058 92073 92074 92041 92032 92081 92092 92029
 92035 92051 92008 92024 92039 92000 92090 92062 92076 92038
 92082 92068 92038 92099 92015 92028 92075 92067 92040 92073


Array Size = 50
 93074 93012 93063 93036 93079 93039 93073 93005 93073 93022
 93013 93051 93030 93008 93042 93076 93068 93059 93022 93087
 93086 93022 93074 93048 93004 93028 93083 93066 93056 93011
 93089 93028 93005 93039 93032 93093 93083 93034 93092 93056
 93088 93051 93077 93064 93066 93089 93054 93061 93025 93006


Array Size = 50
 94007 94039 94013 94095 94018 94080 94088 94051 94068 94078
 94054 94026 94083 94058 94083 94087 94056 94001 94044 94060
 94097 94053 94041 94012 94091 94013 94073 94039 94000 94047
 94005 94063 94075 94021 94090 94039 94069 94087 94004 94080
 94056 94061 94072 94097 94039 94063 94003 94029 94044 94082


Array Size = 50
 95069 95038 95001 95085 95069 95087 95013 95035 95000 95037
 95027 95052 95061 95053 95018 95050 95018 95004 95027 95070
 95065 95061 95094 95010 95018 95012 95051 95026 95071 95012
 95069 95069 95030 95058 95031 95021 95040 95087 95048 95075
 95002 95054 95029 95017 95076 95097 95017 95049 95096 95021


Array Size = 50
 96025 96066 96091 96007 96076 96024 96008 96065 96026 96007
 96038 96097 96072 96064 96062 96093 96009 96079 96026 96045
 96062 96070 96055 96094 96074 96089 96006 96060 96003 96033
 96062 96065 96077 96022 96014 96026 96043 96097 96099 96007
 96048 96069 96023 96069 96072 96047 96013 96034 96001 96037


Array Size = 50
 97074 97020 97097 97080 97072 97084 97018 97097 97011 97058
 97041 97089 97022 97099 97013 97073 97038 97081 97084 97055
 97032 97084 97048 97096 97002 97089 97041 97058 97070 97099
 97097 97081 97093 97013 97023 97009 97010 97069 97061 97056
 97003 97055 97074 97048 97036 97085 97079 97077 97038 97008


Array Size = 50
 98009 98092 98072 98057 98000 98074 98003 98065 98087 98013
 98024 98047 98081 98072 98098 98069 98035 98061 98044 98076
 98003 98029 98057 98011 98032 98032 98054 98073 98086 98001
 98004 98071 98064 98039 98047 98033 98020 98029 98094 98088
 98089 98021 98083 98031 98003 98042 98016 98046 98035 98090


Array Size = 50
 99099 99024 99098 99075 99071 99074 99089 99062 99008 99038
 99000 99044 99066 99073 99010 99024 99043 99019 99054 99098
 99044 99086 99043 99097 99095 99005 99065 99007 99042 99007
 99052 99092 99057 99002 99001 99057 99018 99095 99099 99046
 99047 99000 99005 99023 99026 99091 99067 99058 99089 99024

7031 97013
 97003 97087 97042 97027 97062 97089 97070 97095 97007 97089
 97024 97060 97043 97032 97043 97030 97044 97064 97084 97046


Array Size = 50
 98047 98094 98031 98085 98041 98074 98053 98045 98077 98078
 98011 98040 98017 98074 98066 98027 98013 98053 98008 98077
 98081 98005 98003 98093 98017 98034 98079 98019 98013 98087
 98065 98067 98024 98006 98079 98052 98083 98071 98004 98046
 98009 98079 98000 98084 98069 98030 98014 98014 98058 98074


Array Size = 50
 99042 99063 99013 99080 99010 99083 99044 99024 99030 99034
 99027 99048 99005 99034 99027 99011 99066 99001 99072 99069
 99031 99046 99008 99019 99050 99098 99082 99000 99045 99046
 99065 99025 99086 99021 99063 99061 99057 99070 99019 99057
 99061 99088 99080 99065 99039 99094 99063 99044 99028 99033

06 94012 94002 94021
 94034 94049

Array Size = 48
 95002 95003 95004 95009 95012 95013 95015 95015 95016 95017
 95018 95023 95024 95026 95027 95030 95031 95034 95034 95034
 95036 95036 95041 95042 95042 95045 95047 95047 95048 95050
 95057 95057 95064 95064 95065 95067 95071 95075 95077 95078
 95080 95086 95086 95088 95088 95094 95098 95099

Array Size = 95
 96006 96038 96074 96031 96096 96098 96046 96099 96089 96038
 96054 96066 96071 96082 96076 96085 96067 96078 96093 96005
 96049 96038 96014 96068 96009 96033 96079 96073 96026 96043
 96060 96082 96086 96045 96087 96013 96003 96027 96000 96006
 96000 96019 96031 96085 96055 96025 96039 96087 96051 96006
 96060 96083 96050 96062 96048 96002 96001 96047 96027 96025
 96081 96065 96054 96031 96093 96003 96078 96091 96045 96049
 96069 96003 96003 96076 96086 96031 96031 96035 96082 96041
 96001 96014 96098 96095 96030 96049 96099 96039 96068 96084
 96054 96045 96020 96077 96051

Array Size = 85
 97000 97000 97002 97004 97006 97006 97007 97007 97010 97010
 97010 97012 97012 97014 97014 97017 97017 97018 97018 97022
 97023 97023 97023 97024 97027 97030 97031 97032 97033 97034
 97035 97037 97037 97037 97037 97037 97039 97039 97039 97040
 97043 97045 97047 97048 97053 97053 97054 97055 97055 97055
 97055 97056 97059 97059 97060 97060 97063 97065 97067 97067
 97068 97068 97069 97070 97071 97071 97074 97074 97074 97075
 97077 97077 97078 97079 97080 97082 97082 97085 97085 97086
 97090 97093 97093 97095 97097

Array Size = 63
 98088 98017 98068 98079 98076 98010 98006 98050 98038 98011
 98001 98059 98087 98038 98066 98099 98054 98090 98046 98085
 98095 98088 98081 98090 98007 98065 98098 98020 98003 98012
 98097 98044 98012 98035 98016 98017 98063 98059 98024 98010
 98098 98002 98029 98040 98026 98041 98015 98021 98008 98075
 98075 98042 98036 98084 98073 98016 98061 98083 98075 98067
 98011 98072 98095

Array Size = 74
 99000 99001 99001 99001 99002 99006 99012 99012 99013 99013
 99015 99017 99018 99022 99023 99024 99026 99026 99027 99027
 99030 99032 99035 99036 99037 99038 99039 99041 99041 99041
 99042 99043 99043 99044 99045 99045 99046 99049 99050 99051
 99051 99051 99052 99053 99053 99055 99057 99059 99059 99059
 99060 99061 99061 99064 99064 99068 99068 99068 99070 99072
 99074 99074 99075 99076 99079 99079 99079 99081 99085 99092
 99092 99094 99094 99096
9009 99009 99010 99010
 99017 99018 99018 99020 99023 99028 99030 99032 99032 99034
 99036 99037 99039 99039 99041 99043 99047 99048 99048 99048
 99049 99049 99050 99051 99051 99052 99055 99056 99059 99061
 99062 99062 99062 99062 99067 99070 99072 99072 99072 99073
 99074 99074 99074 99077 99077 99077 99077 99080 99081 99085
 99086 99086 99088 99092 99092 99093 99094 99095 99095 99096
 99097 99098 99099 99099 99099
65 96011 96090 96097 96086 96012 96030 96066 96059
 96052 96044 96021 96088 96068 96074 96092 96098 96000 96070
 96013 96072 96049 96053 96008 96057 96075 96059 96067 96095
 96032 96052 96044 96090 96016 96025 96070 96050 96041 96007
 96093 96016 96031 96029

Array Size = 52
 97000 97001 97003 97004 97004 97008 97011 97011 97013 97018
 97018 97019 97020 97024 97024 97024 97026 97027 97030 97030
 97030 97031 97035 97036 97039 97039 97040 97042 97043 97044
 97046 97047 97048 97055 97056 97057 97058 97059 97061 97064
 97065 97067 97067 97070 97077 97078 97078 97079 97082 97083
 97088 97097

Array Size = 58
 98055 98097 98046 98085 98074 98088 98066 98084 98043 98067
 98046 98078 98035 98073 98041 98077 98059 98026 98083 98051
 98050 98020 98053 98091 98093 98013 98064 98012 98089 98018
 98017 98009 98070 98077 98001 98080 98023 98060 98009 98079
 98046 98078 98053 98095 98019 98036 98040 98001 98096 98002
 98078 98099 98004 98022 98030 98034 98003 98029

Array Size = 90
 99000 99002 99003 99004 99006 99006 99008 99009 99010 99011
 99012 99014 99014 99015 99015 99019 99020 99023 99023 99024
 99025 99025 99025 99025 99026 99026 99028 99033 99034 99036
 99037 99038 99040 99040 99042 99042 99044 99045 99045 99045
 99048 99050 99051 99054 99054 99054 99055 99056 99056 99057
 99059 99060 99062 99062 99063 99066 99068 99070 99071 99071
 99073 99073 99074 99075 99077 99080 99080 99081 99081 99081
 99082 99087 99087 99091 99091 99092 99093 99093 99093 99093
 99093 99094 99097 99097 99097 99097 99098 99098 99099 99099

